(11, 68) 12
(12, 78) 1
(75, 103) 1
(63, 76) 12
(24, 66) 12
(23, 26) 1
(22, 117) 12
(103, 122) 12
(64, 88) 2
(76, 88) 12
(32, 113) 1
(22, 65) 1
(28, 108) 12
(12, 111) 12
(36, 67) 12
(67, 76) 12
(22, 42) 12
(29, 37) 12
(9, 22) 12
(26, 67) 12
(74, 89) 12
(90, 95) 2
(3, 95) 12
(30, 69) 12
(77, 95) 12
(3, 101) 12
(45, 54) 12
(60, 114) 1
(65, 121) 12
(34, 114) 1
(3, 11) 12
(25, 58) 12
(15, 43) 12
(36, 108) 12
(2, 12) 12
(44, 107) 12
(73, 122) 1
(95, 107) 12
(33, 59) 12
(82, 113) 12
(63, 88) 12
(16, 51) 12
(12, 40) 12
(43, 45) 12
(37, 63) 12
(24, 28) 1
(10, 19) 1
(28, 98) 1
(29, 108) 12
(50, 51) 12
(14, 53) 1
(4, 11) 12
(43, 80) 12
(57, 69) 12
(5, 20) 1
(44, 99) 2
(56, 63) 12
(31, 33) 12
(3, 77) 12
(4, 69) 12
(64, 67) 12
(28, 121) 12
(16, 95) 1
(37, 108) 1
(33, 68) 3
(5, 115) 12
(1, 51) 12
(45, 83) 1
(70, 101) 12
(82, 99) 12
(5, 39) 12
(6, 52) 12
(65, 86) 2
(42, 60) 12
(38, 46) 12
(15, 24) 12
(8, 115) 12
(43, 78) 12
(14, 41) 12
(6, 74) 12
(42, 115) 12
(24, 67) 12
(60, 73) 12
(4, 45) 12
(58, 62) 1
(24, 75) 12
(73, 89) 12
(28, 81) 12
(11, 43) 12
(40, 75) 12
(65, 72) 1
(43, 54) 12
(42, 65) 12
(1, 107) 1
(16, 77) 12
(25, 56) 12
(13, 20) 12
(20, 41) 12
(27, 62) 12
(37, 66) 12
(22, 35) 12
(5, 41) 1
(70, 105) 12
(33, 57) 12
(16, 31) 5
(11, 32) 12
(3, 70) 12
(15, 110) 1
(13, 42) 12
(46, 116) 12
(4, 12) 12
(26, 28) 1
(89, 122) 12
(12, 31) 12
(15, 50) 12
(64, 100) 12
(13, 30) 12
(82, 109) 3
(41, 102) 1
(3, 24) 12
(62, 93) 12
(59, 77) 12
(4, 57) 1
(63, 67) 1
(5, 60) 12
(27, 67) 12
(23, 25) 12
(40, 57) 12
(3, 79) 1
(78, 83) 12
(24, 37) 12
(1, 101) 12
(114, 115) 12
(23, 100) 1
(21, 84) 12
(23, 120) 3
(23, 66) 12
(8, 84) 1
(1, 43) 12
(23, 56) 12
(30, 45) 2
(36, 64) 1
(31, 40) 12
(33, 45) 12
(59, 69) 1
(51, 78) 12
(43, 51) 1
(45, 57) 2
(28, 104) 2
(24, 56) 12
(12, 107) 12
(64, 104) 12
(91, 96) 1
(22, 52) 12
(3, 44) 12
(1, 44) 12
(6, 11) 12
(2, 43) 12
(8, 42) 12
(27, 81) 2
(13, 85) 12
(11, 45) 3
(9, 13) 12
(75, 81) 1
(31, 69) 12
(24, 25) 12
(40, 83) 1
(30, 83) 12
(1, 3) 12
(36, 104) 12
(33, 78) 12
(5, 13) 12
(30, 31) 12
(30, 33) 12
(36, 92) 12
(15, 66) 3
(16, 55) 1
(51, 66) 1
(28, 64) 12
(30, 90) 12
(29, 104) 12
(62, 104) 1
(67, 104) 12
(44, 94) 1
(33, 71) 12
(9, 115) 12
(43, 106) 12
(11, 69) 12
(30, 40) 12
(56, 106) 1
(106, 110) 12
(26, 81) 1
(23, 27) 12
(65, 85) 12
(6, 75) 12
(2, 107) 12
(56, 100) 1
(79, 107) 12
(39, 53) 12
(48, 58) 12
(12, 16) 12
(67, 81) 12
(64, 125) 1
(65, 115) 12
(42, 101) 12
(11, 30) 12
(36, 100) 12
(63, 108) 1
(23, 58) 12
(104, 121) 12
(12, 43) 12
(51, 80) 12
(109, 111) 12
(29, 64) 1
(26, 66) 12
(9, 10) 12
(24, 110) 12
(16, 59) 12
(30, 68) 12
(13, 52) 1
(11, 12) 1
(26, 108) 12
(88, 104) 1
(13, 14) 12
(28, 106) 12
(43, 66) 1
(24, 58) 12
(35, 115) 12
(23, 51) 12
(24, 80) 12
(49, 103) 1
(14, 121) 12
(29, 63) 12
(3, 69) 12
(31, 71) 12
(28, 75) 12
(9, 21) 12
(24, 27) 1
(3, 107) 1
(25, 26) 4
(56, 88) 1
(22, 53) 12
(27, 28) 12
(27, 50) 12
(1, 59) 12
(26, 37) 12
(98, 108) 1
(11, 78) 12
(12, 80) 12
(10, 41) 12
(23, 28) 12
(40, 54) 12
(104, 108) 1
(13, 38) 12
(29, 76) 12
(42, 52) 12
(3, 80) 12
(51, 106) 12
(17, 78) 1
(22, 85) 1
(11, 16) 12
(16, 94) 12
(15, 62) 1
(33, 69) 2
(20, 60) 12
(60, 91) 12
(12, 79) 12
(33, 54) 12
(25, 81) 4
(86, 91) 2
(106, 108) 12
(77, 113) 12
(33, 40) 12
(54, 93) 1
(1, 71) 1
(2, 79) 2
(11, 51) 1
(88, 125) 1
(43, 79) 12
(50, 62) 1
(80, 95) 12
(44, 109) 3
(11, 26) 12
(59, 70) 12
(49, 108) 12
(32, 101) 12
(29, 36) 1
(30, 59) 12
(78, 94) 12
(11, 40) 3
(12, 83) 1
(60, 115) 12
(28, 100) 1
(44, 78) 12
(64, 108) 3
(3, 16) 1
(1, 32) 3
(66, 110) 1
(28, 56) 12
(8, 46) 12
(57, 71) 12
(24, 81) 2
(16, 30) 12
(40, 43) 12
(11, 33) 12
(26, 75) 3
(27, 75) 12
(36, 63) 12
(43, 44) 12
(20, 90) 12
(3, 109) 12
(1, 109) 12
(78, 109) 12
(42, 85) 1
(12, 30) 12
(15, 51) 1
(30, 121) 12
(16, 44) 12
(94, 109) 12
(5, 9) 12
(11, 106) 12
(24, 88) 12
(63, 64) 12
(77, 118) 12
(16, 43) 12
(31, 78) 12
(77, 80) 12
(12, 45) 1
(99, 109) 12
(67, 108) 1
(5, 114) 12
(43, 110) 12
(14, 73) 12
(57, 118) 12
(54, 57) 12
(28, 36) 2
(11, 95) 12
(35, 42) 12
(24, 69) 12
(30, 54) 12
(24, 106) 12
(29, 67) 1
(40, 69) 12
(12, 54) 12
(39, 46) 1
(56, 104) 1
(44, 59) 12
(40, 107) 12
(69, 77) 12
(8, 116) 1
(1, 11) 12
(63, 104) 12
(80, 119) 12
(30, 57) 12
(29, 92) 12
(9, 14) 12
(103, 108) 1
(36, 50) 1
(45, 51) 12
(16, 78) 12
(1, 12) 12
(23, 81) 1
(8, 65) 12
(45, 68) 1
(2, 11) 12
(92, 104) 12
(60, 65) 12
(6, 13) 12
(11, 77) 12
(11, 80) 12
(23, 37) 12
(40, 45) 2
(101, 107) 1
(42, 47) 12
(16, 54) 12
(40, 51) 12
(13, 41) 12
(11, 57) 12
(18, 52) 2
(14, 22) 12
(16, 69) 2
(22, 86) 12
(44, 71) 12
(56, 66) 12
(100, 104) 4
(62, 66) 12
(16, 23) 12
(73, 74) 1
(33, 43) 12
(23, 24) 12
(54, 94) 1
(56, 125) 12
(23, 106) 12
(38, 42) 1
(12, 57) 1
(51, 110) 12
(52, 96) 12
(13, 60) 1
(54, 106) 12
(60, 121) 12
(24, 50) 12
(61, 115) 1
(59, 111) 12
(27, 37) 12
(21, 39) 12
(45, 106) 12
(15, 81) 12
(17, 33) 12
(44, 54) 12
(69, 111) 12
(25, 28) 12
(17, 59) 12
(31, 95) 12
(13, 96) 1
(62, 76) 12
(27, 58) 12
(75, 100) 12
(4, 40) 12
(33, 37) 12
(37, 67) 12
(99, 111) 12
(37, 49) 1
(77, 90) 1
(24, 26) 1
(25, 27) 1
(11, 75) 1
(43, 94) 1
(20, 52) 12
(66, 106) 1
(9, 19) 1
(13, 115) 12
(11, 79) 12
(51, 95) 12
(2, 93) 1
(16, 40) 12
(51, 69) 12
(11, 59) 12
(14, 20) 12
(66, 81) 12
(26, 27) 3
(41, 65) 12
(66, 75) 12
(86, 96) 1
(44, 95) 12
(4, 30) 1
